4
12
1 1 1 1 1
0 2 0 0
0 2 0 0
0 80 0 0
0 130 0 0
533 574 3 36 1 5 0
489 275 6 285 1 5 0
841 401 1 157 2 2 1
555 383 2 351 3 0 10
812 121 6 357 4 2 2
367 677 0 203 4 1 3
168 483 1 124 0 9 0
691 73 7 58 0 9 0
750 561 8 327 0 9 0
393 478 7 219 0 9 0
1011 68 0 30 0 9 0
1002 668 0 39 0 9 0
626.485840 516.591919 0 1 2
637.424500 520.475098 0 1 2
660.571533 495.660034 0 1 2
673.021301 502.229248 0 1 2
694.657227 474.728027 0 1 2
728.742920 453.796021 0 1 2
762.828613 432.864014 0 1 2
796.914307 411.932007 0 1 2
831.000000 391.000000 0 1 2
0.000000 0.000000 3 1 2
545.000000 373.000000 0 1 3
565.000000 393.000000 0 1 3
0.000000 0.000000 4 1 3
0.000000 0.000000 4 1 3
0.000000 0.000000 4 1 3
0.000000 0.000000 4 1 3
0.000000 0.000000 4 1 3
0.000000 0.000000 4 1 3
0.000000 0.000000 4 1 3
0.000000 0.000000 4 1 3
802.000000 111.000000 0 2 4
0.000000 0.000000 5 2 4
0.000000 0.000000 5 2 4
357.000000 667.000000 0 1 4
0.000000 0.000000 6 1 4
0.000000 0.000000 6 1 4
0.000000 0.000000 4 1 3
0.000000 0.000000 6 1 4
0.000000 0.000000 4 1 3
0.000000 0.000000 0 0 0
0.000000 0.000000 0 0 0
0.000000 0.000000 0 0 0
0.000000 0.000000 0 0 0
0.000000 0.000000 0 0 0
0.000000 0.000000 0 0 0
0.000000 0.000000 0 0 0
0.000000 0.000000 0 0 0
0.000000 0.000000 0 0 0
0.000000 0.000000 0 0 0
0.000000 0.000000 0 0 0
0.000000 0.000000 0 0 0
0.000000 0.000000 0 0 0
0.000000 0.000000 0 0 0
0.000000 0.000000 0 0 0
0.000000 0.000000 0 0 0
0.000000 0.000000 0 0 0
0.000000 0.000000 0 0 0
0.000000 0.000000 0 0 0
0.000000 0.000000 0 0 0
0.000000 0.000000 0 0 0
0.000000 0.000000 0 0 0
0.000000 0.000000 0 0 0
0.000000 0.000000 0 0 0
0.000000 0.000000 0 0 0
0.000000 0.000000 0 0 0
0.000000 0.000000 0 0 0
0.000000 0.000000 0 0 0
0.000000 0.000000 0 0 0
0.000000 0.000000 0 0 0
0.000000 0.000000 0 0 0
0.000000 0.000000 0 0 0
0.000000 0.000000 0 0 0
0.000000 0.000000 0 0 0
0.000000 0.000000 0 0 0
0.000000 0.000000 0 0 0
0.000000 0.000000 0 0 0
0.000000 0.000000 0 0 0
0.000000 0.000000 0 0 0
0.000000 0.000000 0 0 0
0.000000 0.000000 0 0 0
0.000000 0.000000 0 0 0
0.000000 0.000000 0 0 0
0.000000 0.000000 0 0 0
0.000000 0.000000 0 0 0
0.000000 0.000000 0 0 0
0.000000 0.000000 0 0 0
0.000000 0.000000 0 0 0
0.000000 0.000000 0 0 0
0.000000 0.000000 0 0 0
0.000000 0.000000 0 0 0
0.000000 0.000000 0 0 0
0.000000 0.000000 0 0 0
0.000000 0.000000 0 0 0
0.000000 0.000000 0 0 0
0.000000 0.000000 0 0 0
0.000000 0.000000 0 0 0
0.000000 0.000000 0 0 0
0.000000 0.000000 0 0 0
0.000000 0.000000 0 0 0
0.000000 0.000000 0 0 0
0.000000 0.000000 0 0 0
0.000000 0.000000 0 0 0
0.000000 0.000000 0 0 0
0.000000 0.000000 0 0 0
0.000000 0.000000 0 0 0
0.000000 0.000000 0 0 0
0.000000 0.000000 0 0 0
0.000000 0.000000 0 0 0
0.000000 0.000000 0 0 0
0.000000 0.000000 0 0 0
0.000000 0.000000 0 0 0
0.000000 0.000000 0 0 0
0.000000 0.000000 0 0 0
0.000000 0.000000 0 0 0
0.000000 0.000000 0 0 0
0.000000 0.000000 0 0 0
0.000000 0.000000 0 0 0
0.000000 0.000000 0 0 0
0.000000 0.000000 0 0 0
0.000000 0.000000 0 0 0
0.000000 0.000000 0 0 0
0.000000 0.000000 0 0 0
0.000000 0.000000 0 0 0
0.000000 0.000000 0 0 0
0.000000 0.000000 0 0 0
0.000000 0.000000 0 0 0
0.000000 0.000000 0 0 0
0.000000 0.000000 0 0 0
0.000000 0.000000 0 0 0
0.000000 0.000000 0 0 0
0.000000 0.000000 0 0 0
0.000000 0.000000 0 0 0
0.000000 0.000000 0 0 0
0.000000 0.000000 0 0 0
0.000000 0.000000 0 0 0
0.000000 0.000000 0 0 0
0.000000 0.000000 0 0 0
0.000000 0.000000 0 0 0
0.000000 0.000000 0 0 0
0.000000 0.000000 0 0 0
0.000000 0.000000 0 0 0
0.000000 0.000000 0 0 0
0.000000 0.000000 0 0 0
0.000000 0.000000 0 0 0
0.000000 0.000000 0 0 0
0.000000 0.000000 0 0 0
0.000000 0.000000 0 0 0
0.000000 0.000000 0 0 0
0.000000 0.000000 0 0 0
0.000000 0.000000 0 0 0
0.000000 0.000000 0 0 0
0.000000 0.000000 0 0 0
0.000000 0.000000 0 0 0
0.000000 0.000000 0 0 0
0.000000 0.000000 0 0 0
0.000000 0.000000 0 0 0
0.000000 0.000000 0 0 0
0.000000 0.000000 0 0 0
0.000000 0.000000 0 0 0
0.000000 0.000000 0 0 0
0.000000 0.000000 0 0 0
0.000000 0.000000 0 0 0
0.000000 0.000000 0 0 0
0.000000 0.000000 0 0 0
0.000000 0.000000 0 0 0
0.000000 0.000000 0 0 0
0.000000 0.000000 0 0 0
0.000000 0.000000 0 0 0
0.000000 0.000000 0 0 0
0.000000 0.000000 0 0 0
0.000000 0.000000 0 0 0
0.000000 0.000000 0 0 0
0.000000 0.000000 0 0 0
0.000000 0.000000 0 0 0
0.000000 0.000000 0 0 0
0.000000 0.000000 0 0 0
0.000000 0.000000 0 0 0
0.000000 0.000000 0 0 0
0.000000 0.000000 0 0 0
0.000000 0.000000 0 0 0
0.000000 0.000000 0 0 0
0.000000 0.000000 0 0 0
0.000000 0.000000 0 0 0
0.000000 0.000000 0 0 0
0.000000 0.000000 0 0 0
0.000000 0.000000 0 0 0
0.000000 0.000000 0 0 0
0.000000 0.000000 0 0 0
0.000000 0.000000 0 0 0
0.000000 0.000000 0 0 0
0.000000 0.000000 0 0 0
0.000000 0.000000 0 0 0
0.000000 0.000000 0 0 0
0.000000 0.000000 0 0 0
0.000000 0.000000 0 0 0
0.000000 0.000000 0 0 0
0.000000 0.000000 0 0 0
0.000000 0.000000 0 0 0
0.000000 0.000000 0 0 0
0.000000 0.000000 0 0 0
0.000000 0.000000 0 0 0
0.000000 0.000000 0 0 0
0.000000 0.000000 0 0 0
0.000000 0.000000 0 0 0
0.000000 0.000000 0 0 0
0.000000 0.000000 0 0 0
0.000000 0.000000 0 0 0
0.000000 0.000000 0 0 0
0.000000 0.000000 0 0 0
0.000000 0.000000 0 0 0
0.000000 0.000000 0 0 0
0.000000 0.000000 0 0 0
0.000000 0.000000 0 0 0
0.000000 0.000000 0 0 0
0.000000 0.000000 0 0 0
0.000000 0.000000 0 0 0
0.000000 0.000000 0 0 0
0.000000 0.000000 0 0 0
0.000000 0.000000 0 0 0
0.000000 0.000000 0 0 0
0.000000 0.000000 0 0 0
0.000000 0.000000 0 0 0
0.000000 0.000000 0 0 0
0.000000 0.000000 0 0 0
0.000000 0.000000 0 0 0
0.000000 0.000000 0 0 0
0.000000 0.000000 0 0 0
0.000000 0.000000 0 0 0
0.000000 0.000000 0 0 0
0.000000 0.000000 0 0 0
0.000000 0.000000 0 0 0
0.000000 0.000000 0 0 0
0.000000 0.000000 0 0 0
0.000000 0.000000 0 0 0
0.000000 0.000000 0 0 0
0.000000 0.000000 0 0 0
0.000000 0.000000 0 0 0
0.000000 0.000000 0 0 0
0.000000 0.000000 0 0 0
0.000000 0.000000 0 0 0
0.000000 0.000000 0 0 0
0.000000 0.000000 0 0 0
0.000000 0.000000 0 0 0
0.000000 0.000000 0 0 0
0.000000 0.000000 0 0 0
0.000000 0.000000 0 0 0
0.000000 0.000000 0 0 0
0.000000 0.000000 0 0 0
0.000000 0.000000 0 0 0
0.000000 0.000000 0 0 0
0.000000 0.000000 0 0 0
0.000000 0.000000 0 0 0
0.000000 0.000000 0 0 0
0.000000 0.000000 0 0 0
0.000000 0.000000 0 0 0
0.000000 0.000000 0 0 0
0.000000 0.000000 0 0 0
0.000000 0.000000 0 0 0
0.000000 0.000000 0 0 0
0.000000 0.000000 0 0 0
0.000000 0.000000 0 0 0
0.000000 0.000000 0 0 0
0.000000 0.000000 0 0 0
0.000000 0.000000 0 0 0
0.000000 0.000000 0 0 0
0.000000 0.000000 0 0 0
0.000000 0.000000 0 0 0
0.000000 0.000000 0 0 0
0.000000 0.000000 0 0 0
0.000000 0.000000 0 0 0
0.000000 0.000000 0 0 0
0.000000 0.000000 0 0 0
0.000000 0.000000 0 0 0
0.000000 0.000000 0 0 0
0.000000 0.000000 0 0 0
0.000000 0.000000 0 0 0
0.000000 0.000000 0 0 0
0.000000 0.000000 0 0 0
0.000000 0.000000 0 0 0
0.000000 0.000000 0 0 0
0.000000 0.000000 0 0 0
0.000000 0.000000 0 0 0
0.000000 0.000000 0 0 0
0.000000 0.000000 0 0 0
0.000000 0.000000 0 0 0
0.000000 0.000000 0 0 0
0.000000 0.000000 0 0 0
0.000000 0.000000 0 0 0
0.000000 0.000000 0 0 0
0.000000 0.000000 0 0 0
0.000000 0.000000 0 0 0
0.000000 0.000000 0 0 0
0.000000 0.000000 0 0 0
0.000000 0.000000 0 0 0
0.000000 0.000000 0 0 0
0.000000 0.000000 0 0 0
0.000000 0.000000 0 0 0
0.000000 0.000000 0 0 0
0.000000 0.000000 0 0 0
0.000000 0.000000 0 0 0
0.000000 0.000000 0 0 0
0.000000 0.000000 0 0 0
0.000000 0.000000 0 0 0
0.000000 0.000000 0 0 0
0.000000 0.000000 0 0 0
0.000000 0.000000 0 0 0
0.000000 0.000000 0 0 0
0.000000 0.000000 0 0 0
0.000000 0.000000 0 0 0
0.000000 0.000000 0 0 0
0.000000 0.000000 0 0 0
0.000000 0.000000 0 0 0
0.000000 0.000000 0 0 0
0.000000 0.000000 0 0 0
0.000000 0.000000 0 0 0
0.000000 0.000000 0 0 0
0.000000 0.000000 0 0 0
0.000000 0.000000 0 0 0
0.000000 0.000000 0 0 0
0.000000 0.000000 0 0 0
0.000000 0.000000 0 0 0
0.000000 0.000000 0 0 0
0.000000 0.000000 0 0 0
0.000000 0.000000 0 0 0
0.000000 0.000000 0 0 0
0.000000 0.000000 0 0 0
0.000000 0.000000 0 0 0
0.000000 0.000000 0 0 0
0.000000 0.000000 0 0 0
0.000000 0.000000 0 0 0
0.000000 0.000000 0 0 0
0.000000 0.000000 0 0 0
0.000000 0.000000 0 0 0
0.000000 0.000000 0 0 0
0.000000 0.000000 0 0 0
0.000000 0.000000 0 0 0
0.000000 0.000000 0 0 0
0.000000 0.000000 0 0 0
0.000000 0.000000 0 0 0
0.000000 0.000000 0 0 0
0.000000 0.000000 0 0 0
0.000000 0.000000 0 0 0
0.000000 0.000000 0 0 0
0.000000 0.000000 0 0 0
0.000000 0.000000 0 0 0
0.000000 0.000000 0 0 0
0.000000 0.000000 0 0 0
0.000000 0.000000 0 0 0
0.000000 0.000000 0 0 0
0.000000 0.000000 0 0 0
0.000000 0.000000 0 0 0
0.000000 0.000000 0 0 0
0.000000 0.000000 0 0 0
0.000000 0.000000 0 0 0
0.000000 0.000000 0 0 0
0.000000 0.000000 0 0 0
0.000000 0.000000 0 0 0
0.000000 0.000000 0 0 0
0.000000 0.000000 0 0 0
0.000000 0.000000 0 0 0
0.000000 0.000000 0 0 0
0.000000 0.000000 0 0 0
0.000000 0.000000 0 0 0
0.000000 0.000000 0 0 0
0.000000 0.000000 0 0 0
0.000000 0.000000 0 0 0
0.000000 0.000000 0 0 0
0.000000 0.000000 0 0 0
0.000000 0.000000 0 0 0
0.000000 0.000000 0 0 0
0.000000 0.000000 0 0 0
0.000000 0.000000 0 0 0
0.000000 0.000000 0 0 0
0.000000 0.000000 0 0 0
0.000000 0.000000 0 0 0
0.000000 0.000000 0 0 0
0.000000 0.000000 0 0 0
0.000000 0.000000 0 0 0
0.000000 0.000000 0 0 0
0.000000 0.000000 0 0 0
0.000000 0.000000 0 0 0
0.000000 0.000000 0 0 0
0.000000 0.000000 0 0 0
0.000000 0.000000 0 0 0
0.000000 0.000000 0 0 0
0.000000 0.000000 0 0 0
0.000000 0.000000 0 0 0
0.000000 0.000000 0 0 0
0.000000 0.000000 0 0 0
0.000000 0.000000 0 0 0
0.000000 0.000000 0 0 0
0.000000 0.000000 0 0 0
0.000000 0.000000 0 0 0
0.000000 0.000000 0 0 0
0.000000 0.000000 0 0 0
0.000000 0.000000 0 0 0
0.000000 0.000000 0 0 0
0.000000 0.000000 0 0 0
0.000000 0.000000 0 0 0
0.000000 0.000000 0 0 0
0.000000 0.000000 0 0 0
0.000000 0.000000 0 0 0
0.000000 0.000000 0 0 0
0.000000 0.000000 0 0 0
0.000000 0.000000 0 0 0
0.000000 0.000000 0 0 0
0.000000 0.000000 0 0 0
0.000000 0.000000 0 0 0
0.000000 0.000000 0 0 0
0.000000 0.000000 0 0 0
0.000000 0.000000 0 0 0
0.000000 0.000000 0 0 0
0.000000 0.000000 0 0 0
0.000000 0.000000 0 0 0
0.000000 0.000000 0 0 0
0.000000 0.000000 0 0 0
0.000000 0.000000 0 0 0
0.000000 0.000000 0 0 0
0.000000 0.000000 0 0 0
0.000000 0.000000 0 0 0
0.000000 0.000000 0 0 0
0.000000 0.000000 0 0 0
0.000000 0.000000 0 0 0
0.000000 0.000000 0 0 0
0.000000 0.000000 0 0 0
0.000000 0.000000 0 0 0
0.000000 0.000000 0 0 0
0.000000 0.000000 0 0 0
0.000000 0.000000 0 0 0
0.000000 0.000000 0 0 0
0.000000 0.000000 0 0 0
0.000000 0.000000 0 0 0
0.000000 0.000000 0 0 0
0.000000 0.000000 0 0 0
0.000000 0.000000 0 0 0
0.000000 0.000000 0 0 0
0.000000 0.000000 0 0 0
0.000000 0.000000 0 0 0
0.000000 0.000000 0 0 0
0.000000 0.000000 0 0 0
0.000000 0.000000 0 0 0
0.000000 0.000000 0 0 0
0.000000 0.000000 0 0 0
0.000000 0.000000 0 0 0
0.000000 0.000000 0 0 0
0.000000 0.000000 0 0 0
0.000000 0.000000 0 0 0
0.000000 0.000000 0 0 0
0.000000 0.000000 0 0 0
0.000000 0.000000 0 0 0
0.000000 0.000000 0 0 0
0.000000 0.000000 0 0 0
0.000000 0.000000 0 0 0
0.000000 0.000000 0 0 0
0.000000 0.000000 0 0 0
0.000000 0.000000 0 0 0
0.000000 0.000000 0 0 0
0.000000 0.000000 0 0 0
0.000000 0.000000 0 0 0
0.000000 0.000000 0 0 0
0.000000 0.000000 0 0 0
0.000000 0.000000 0 0 0
0.000000 0.000000 0 0 0
0.000000 0.000000 0 0 0
0.000000 0.000000 0 0 0
0.000000 0.000000 0 0 0
0.000000 0.000000 0 0 0
0.000000 0.000000 0 0 0
0.000000 0.000000 0 0 0
0.000000 0.000000 0 0 0
0.000000 0.000000 0 0 0
0.000000 0.000000 0 0 0
0.000000 0.000000 0 0 0
0.000000 0.000000 0 0 0
0.000000 0.000000 0 0 0
0.000000 0.000000 0 0 0
0.000000 0.000000 0 0 0
0.000000 0.000000 0 0 0
0.000000 0.000000 0 0 0
0.000000 0.000000 0 0 0
0.000000 0.000000 0 0 0
0.000000 0.000000 0 0 0
0.000000 0.000000 0 0 0
0.000000 0.000000 0 0 0
0.000000 0.000000 0 0 0
0.000000 0.000000 0 0 0
0.000000 0.000000 0 0 0
0.000000 0.000000 0 0 0
0.000000 0.000000 0 0 0
0.000000 0.000000 0 0 0
0.000000 0.000000 0 0 0
0.000000 0.000000 0 0 0
0.000000 0.000000 0 0 0
0.000000 0.000000 0 0 0
0.000000 0.000000 0 0 0
0.000000 0.000000 0 0 0
0.000000 0.000000 0 0 0
0.000000 0.000000 0 0 0
0.000000 0.000000 0 0 0
0.000000 0.000000 0 0 0
0.000000 0.000000 0 0 0
0.000000 0.000000 0 0 0
0.000000 0.000000 0 0 0
0.000000 0.000000 0 0 0
0.000000 0.000000 0 0 0
0.000000 0.000000 0 0 0
0.000000 0.000000 0 0 0
0.000000 0.000000 0 0 0
0.000000 0.000000 0 0 0
0.000000 0.000000 0 0 0
0.000000 0.000000 0 0 0
0.000000 0.000000 0 0 0
0.000000 0.000000 0 0 0
0.000000 0.000000 0 0 0
0.000000 0.000000 0 0 0
0.000000 0.000000 0 0 0
0.000000 0.000000 0 0 0
0.000000 0.000000 0 0 0
0.000000 0.000000 0 0 0
0.000000 0.000000 0 0 0
0.000000 0.000000 0 0 0
0.000000 0.000000 0 0 0
0.000000 0.000000 0 0 0
0.000000 0.000000 0 0 0
0.000000 0.000000 0 0 0
0.000000 0.000000 0 0 0
0.000000 0.000000 0 0 0
0.000000 0.000000 0 0 0
0.000000 0.000000 0 0 0
0.000000 0.000000 0 0 0
0.000000 0.000000 0 0 0
0.000000 0.000000 0 0 0
0.000000 0.000000 0 0 0
0.000000 0.000000 0 0 0
0.000000 0.000000 0 0 0
0.000000 0.000000 0 0 0
0.000000 0.000000 0 0 0
0.000000 0.000000 0 0 0
0.000000 0.000000 0 0 0
0.000000 0.000000 0 0 0
0.000000 0.000000 0 0 0
0.000000 0.000000 0 0 0
0.000000 0.000000 0 0 0
0.000000 0.000000 0 0 0
0.000000 0.000000 0 0 0
0.000000 0.000000 0 0 0
0.000000 0.000000 0 0 0
0.000000 0.000000 0 0 0
0.000000 0.000000 0 0 0
0.000000 0.000000 0 0 0
0.000000 0.000000 0 0 0
0.000000 0.000000 0 0 0
0.000000 0.000000 0 0 0
0.000000 0.000000 0 0 0
0.000000 0.000000 0 0 0
0.000000 0.000000 0 0 0
0.000000 0.000000 0 0 0
0.000000 0.000000 0 0 0
0.000000 0.000000 0 0 0
0.000000 0.000000 0 0 0
0.000000 0.000000 0 0 0
0.000000 0.000000 0 0 0
0.000000 0.000000 0 0 0
0.000000 0.000000 0 0 0
0.000000 0.000000 0 0 0
0.000000 0.000000 0 0 0
0.000000 0.000000 0 0 0
0.000000 0.000000 0 0 0
0.000000 0.000000 0 0 0
0.000000 0.000000 0 0 0
0.000000 0.000000 0 0 0
0.000000 0.000000 0 0 0
0.000000 0.000000 0 0 0
0.000000 0.000000 0 0 0
0.000000 0.000000 0 0 0
0.000000 0.000000 0 0 0
0.000000 0.000000 0 0 0
0.000000 0.000000 0 0 0
0.000000 0.000000 0 0 0
0.000000 0.000000 0 0 0
0.000000 0.000000 0 0 0
0.000000 0.000000 0 0 0
0.000000 0.000000 0 0 0
0.000000 0.000000 0 0 0
0.000000 0.000000 0 0 0
0.000000 0.000000 0 0 0
0.000000 0.000000 0 0 0
0.000000 0.000000 0 0 0
0.000000 0.000000 0 0 0
0.000000 0.000000 0 0 0
0.000000 0.000000 0 0 0
0.000000 0.000000 0 0 0
0.000000 0.000000 0 0 0
0.000000 0.000000 0 0 0
0.000000 0.000000 0 0 0
0.000000 0.000000 0 0 0
0.000000 0.000000 0 0 0
0.000000 0.000000 0 0 0
0.000000 0.000000 0 0 0
0.000000 0.000000 0 0 0
0.000000 0.000000 0 0 0
0.000000 0.000000 0 0 0
0.000000 0.000000 0 0 0
0.000000 0.000000 0 0 0
0.000000 0.000000 0 0 0
0.000000 0.000000 0 0 0
0.000000 0.000000 0 0 0
0.000000 0.000000 0 0 0
0.000000 0.000000 0 0 0
0.000000 0.000000 0 0 0
0.000000 0.000000 0 0 0
0.000000 0.000000 0 0 0
0.000000 0.000000 0 0 0
0.000000 0.000000 0 0 0
0.000000 0.000000 0 0 0
0.000000 0.000000 0 0 0
0.000000 0.000000 0 0 0
0.000000 0.000000 0 0 0
0.000000 0.000000 0 0 0
0.000000 0.000000 0 0 0
0.000000 0.000000 0 0 0
0.000000 0.000000 0 0 0
0.000000 0.000000 0 0 0
0.000000 0.000000 0 0 0
0.000000 0.000000 0 0 0
0.000000 0.000000 0 0 0
0.000000 0.000000 0 0 0
0.000000 0.000000 0 0 0
0.000000 0.000000 0 0 0
0.000000 0.000000 0 0 0
0.000000 0.000000 0 0 0
0.000000 0.000000 0 0 0
0.000000 0.000000 0 0 0
0.000000 0.000000 0 0 0
0.000000 0.000000 0 0 0
0.000000 0.000000 0 0 0
0.000000 0.000000 0 0 0
0.000000 0.000000 0 0 0
0.000000 0.000000 0 0 0
0.000000 0.000000 0 0 0
0.000000 0.000000 0 0 0
0.000000 0.000000 0 0 0
0.000000 0.000000 0 0 0
0.000000 0.000000 0 0 0
0.000000 0.000000 0 0 0
0.000000 0.000000 0 0 0
0.000000 0.000000 0 0 0
0.000000 0.000000 0 0 0
0.000000 0.000000 0 0 0
0.000000 0.000000 0 0 0
0.000000 0.000000 0 0 0
0.000000 0.000000 0 0 0
0.000000 0.000000 0 0 0
0.000000 0.000000 0 0 0
0.000000 0.000000 0 0 0
0.000000 0.000000 0 0 0
0.000000 0.000000 0 0 0
0.000000 0.000000 0 0 0
0.000000 0.000000 0 0 0
0.000000 0.000000 0 0 0
0.000000 0.000000 0 0 0
0.000000 0.000000 0 0 0
0.000000 0.000000 0 0 0
0.000000 0.000000 0 0 0
0.000000 0.000000 0 0 0
0.000000 0.000000 0 0 0
0.000000 0.000000 0 0 0
0.000000 0.000000 0 0 0
0.000000 0.000000 0 0 0
0.000000 0.000000 0 0 0
0.000000 0.000000 0 0 0
0.000000 0.000000 0 0 0
0.000000 0.000000 0 0 0
0.000000 0.000000 0 0 0
0.000000 0.000000 0 0 0
0.000000 0.000000 0 0 0
0.000000 0.000000 0 0 0
0.000000 0.000000 0 0 0
0.000000 0.000000 0 0 0
0.000000 0.000000 0 0 0
0.000000 0.000000 0 0 0
0.000000 0.000000 0 0 0
0.000000 0.000000 0 0 0
0.000000 0.000000 0 0 0
0.000000 0.000000 0 0 0
0.000000 0.000000 0 0 0
0.000000 0.000000 0 0 0
0.000000 0.000000 0 0 0
0.000000 0.000000 0 0 0
0.000000 0.000000 0 0 0
0.000000 0.000000 0 0 0
0.000000 0.000000 0 0 0
0.000000 0.000000 0 0 0
0.000000 0.000000 0 0 0
0.000000 0.000000 0 0 0
0.000000 0.000000 0 0 0
0.000000 0.000000 0 0 0
0.000000 0.000000 0 0 0
0.000000 0.000000 0 0 0
0.000000 0.000000 0 0 0
0.000000 0.000000 0 0 0
0.000000 0.000000 0 0 0
0.000000 0.000000 0 0 0
0.000000 0.000000 0 0 0
0.000000 0.000000 0 0 0
0.000000 0.000000 0 0 0
0.000000 0.000000 0 0 0
0.000000 0.000000 0 0 0
0.000000 0.000000 0 0 0
0.000000 0.000000 0 0 0
0.000000 0.000000 0 0 0
0.000000 0.000000 0 0 0
0.000000 0.000000 0 0 0
0.000000 0.000000 0 0 0
0.000000 0.000000 0 0 0
0.000000 0.000000 0 0 0
0.000000 0.000000 0 0 0
0.000000 0.000000 0 0 0
0.000000 0.000000 0 0 0
0.000000 0.000000 0 0 0
0.000000 0.000000 0 0 0
0.000000 0.000000 0 0 0
0.000000 0.000000 0 0 0
0.000000 0.000000 0 0 0
0.000000 0.000000 0 0 0
0.000000 0.000000 0 0 0
0.000000 0.000000 0 0 0
0.000000 0.000000 0 0 0
0.000000 0.000000 0 0 0
0.000000 0.000000 0 0 0
0.000000 0.000000 0 0 0
0.000000 0.000000 0 0 0
0.000000 0.000000 0 0 0
0.000000 0.000000 0 0 0
0.000000 0.000000 0 0 0
0.000000 0.000000 0 0 0
0.000000 0.000000 0 0 0
0.000000 0.000000 0 0 0
0.000000 0.000000 0 0 0
0.000000 0.000000 0 0 0
0.000000 0.000000 0 0 0
0.000000 0.000000 0 0 0
0.000000 0.000000 0 0 0
0.000000 0.000000 0 0 0
0.000000 0.000000 0 0 0
0.000000 0.000000 0 0 0
0.000000 0.000000 0 0 0
0.000000 0.000000 0 0 0
0.000000 0.000000 0 0 0
0.000000 0.000000 0 0 0
0.000000 0.000000 0 0 0
0.000000 0.000000 0 0 0
0.000000 0.000000 0 0 0
0.000000 0.000000 0 0 0
0.000000 0.000000 0 0 0
0.000000 0.000000 0 0 0
0.000000 0.000000 0 0 0
0.000000 0.000000 0 0 0
0.000000 0.000000 0 0 0
0.000000 0.000000 0 0 0
0.000000 0.000000 0 0 0
0.000000 0.000000 0 0 0
0.000000 0.000000 0 0 0
0.000000 0.000000 0 0 0
0.000000 0.000000 0 0 0
0.000000 0.000000 0 0 0
0.000000 0.000000 0 0 0
0.000000 0.000000 0 0 0
0.000000 0.000000 0 0 0
0.000000 0.000000 0 0 0
0.000000 0.000000 0 0 0
0.000000 0.000000 0 0 0
0.000000 0.000000 0 0 0
0.000000 0.000000 0 0 0
0.000000 0.000000 0 0 0
0.000000 0.000000 0 0 0
0.000000 0.000000 0 0 0
0.000000 0.000000 0 0 0
0.000000 0.000000 0 0 0
0.000000 0.000000 0 0 0
0.000000 0.000000 0 0 0
0.000000 0.000000 0 0 0
0.000000 0.000000 0 0 0
0.000000 0.000000 0 0 0
0.000000 0.000000 0 0 0
0.000000 0.000000 0 0 0
0.000000 0.000000 0 0 0
0.000000 0.000000 0 0 0
0.000000 0.000000 0 0 0
0.000000 0.000000 0 0 0
0.000000 0.000000 0 0 0
0.000000 0.000000 0 0 0
0.000000 0.000000 0 0 0
0.000000 0.000000 0 0 0
0.000000 0.000000 0 0 0
0.000000 0.000000 0 0 0
0.000000 0.000000 0 0 0
0.000000 0.000000 0 0 0
0.000000 0.000000 0 0 0
0.000000 0.000000 0 0 0
0.000000 0.000000 0 0 0
0.000000 0.000000 0 0 0
0.000000 0.000000 0 0 0
0.000000 0.000000 0 0 0
0.000000 0.000000 0 0 0
0.000000 0.000000 0 0 0
0.000000 0.000000 0 0 0
0.000000 0.000000 0 0 0
0.000000 0.000000 0 0 0
0.000000 0.000000 0 0 0
0.000000 0.000000 0 0 0
0.000000 0.000000 0 0 0
0.000000 0.000000 0 0 0
0.000000 0.000000 0 0 0
0.000000 0.000000 0 0 0
0.000000 0.000000 0 0 0
0.000000 0.000000 0 0 0
0.000000 0.000000 0 0 0
0.000000 0.000000 0 0 0
0.000000 0.000000 0 0 0
0.000000 0.000000 0 0 0
0.000000 0.000000 0 0 0
0.000000 0.000000 0 0 0
0.000000 0.000000 0 0 0
0.000000 0.000000 0 0 0
0.000000 0.000000 0 0 0
0.000000 0.000000 0 0 0
0.000000 0.000000 0 0 0
0.000000 0.000000 0 0 0
0.000000 0.000000 0 0 0
0.000000 0.000000 0 0 0
0.000000 0.000000 0 0 0
0.000000 0.000000 0 0 0
0.000000 0.000000 0 0 0
0.000000 0.000000 0 0 0
0.000000 0.000000 0 0 0
0.000000 0.000000 0 0 0
0.000000 0.000000 0 0 0
0.000000 0.000000 0 0 0
0.000000 0.000000 0 0 0
0.000000 0.000000 0 0 0
0.000000 0.000000 0 0 0
0.000000 0.000000 0 0 0
0.000000 0.000000 0 0 0
0.000000 0.000000 0 0 0
0.000000 0.000000 0 0 0
0.000000 0.000000 0 0 0
0.000000 0.000000 0 0 0
0.000000 0.000000 0 0 0
0.000000 0.000000 0 0 0
0.000000 0.000000 0 0 0
0.000000 0.000000 0 0 0
0.000000 0.000000 0 0 0
0.000000 0.000000 0 0 0
0.000000 0.000000 0 0 0
0.000000 0.000000 0 0 0
0.000000 0.000000 0 0 0
0.000000 0.000000 0 0 0
0.000000 0.000000 0 0 0
0.000000 0.000000 0 0 0
0.000000 0.000000 0 0 0
0.000000 0.000000 0 0 0
0.000000 0.000000 0 0 0
0.000000 0.000000 0 0 0
0.000000 0.000000 0 0 0
0.000000 0.000000 0 0 0
0.000000 0.000000 0 0 0
0.000000 0.000000 0 0 0
0.000000 0.000000 0 0 0
0.000000 0.000000 0 0 0
0.000000 0.000000 0 0 0
0.000000 0.000000 0 0 0
0.000000 0.000000 0 0 0
0.000000 0.000000 0 0 0
0.000000 0.000000 0 0 0
0.000000 0.000000 0 0 0
0.000000 0.000000 0 0 0
0.000000 0.000000 0 0 0
0.000000 0.000000 0 0 0
0.000000 0.000000 0 0 0
0.000000 0.000000 0 0 0
0.000000 0.000000 0 0 0
0.000000 0.000000 0 0 0
0.000000 0.000000 0 0 0
0.000000 0.000000 0 0 0
0.000000 0.000000 0 0 0
0.000000 0.000000 0 0 0
0.000000 0.000000 0 0 0
0.000000 0.000000 0 0 0
0.000000 0.000000 0 0 0
0.000000 0.000000 0 0 0
0.000000 0.000000 0 0 0
0.000000 0.000000 0 0 0
0.000000 0.000000 0 0 0
0.000000 0.000000 0 0 0
0.000000 0.000000 0 0 0
0.000000 0.000000 0 0 0
0.000000 0.000000 0 0 0
0.000000 0.000000 0 0 0
0.000000 0.000000 0 0 0
0.000000 0.000000 0 0 0
0.000000 0.000000 0 0 0
0.000000 0.000000 0 0 0
0.000000 0.000000 0 0 0
0.000000 0.000000 0 0 0
0.000000 0.000000 0 0 0
0.000000 0.000000 0 0 0
0.000000 0.000000 0 0 0
0.000000 0.000000 0 0 0
0.000000 0.000000 0 0 0
0.000000 0.000000 0 0 0
0.000000 0.000000 0 0 0
0.000000 0.000000 0 0 0
0.000000 0.000000 0 0 0
0.000000 0.000000 0 0 0
0.000000 0.000000 0 0 0
0.000000 0.000000 0 0 0
0.000000 0.000000 0 0 0
0.000000 0.000000 0 0 0
0.000000 0.000000 0 0 0
0.000000 0.000000 0 0 0
0.000000 0.000000 0 0 0
0.000000 0.000000 0 0 0
0.000000 0.000000 0 0 0
0.000000 0.000000 0 0 0
0.000000 0.000000 0 0 0
0.000000 0.000000 0 0 0
0.000000 0.000000 0 0 0
0.000000 0.000000 0 0 0
0.000000 0.000000 0 0 0
0.000000 0.000000 0 0 0
0.000000 0.000000 0 0 0
0.000000 0.000000 0 0 0
0.000000 0.000000 0 0 0
0.000000 0.000000 0 0 0
0.000000 0.000000 0 0 0
0.000000 0.000000 0 0 0
0.000000 0.000000 0 0 0
0.000000 0.000000 0 0 0
0.000000 0.000000 0 0 0
0.000000 0.000000 0 0 0
0.000000 0.000000 0 0 0
0.000000 0.000000 0 0 0
0.000000 0.000000 0 0 0
0.000000 0.000000 0 0 0
0.000000 0.000000 0 0 0
0.000000 0.000000 0 0 0
0.000000 0.000000 0 0 0
0.000000 0.000000 0 0 0
0.000000 0.000000 0 0 0
0.000000 0.000000 0 0 0
0.000000 0.000000 0 0 0
0.000000 0.000000 0 0 0
0.000000 0.000000 0 0 0
0.000000 0.000000 0 0 0
0.000000 0.000000 0 0 0
0.000000 0.000000 0 0 0
0.000000 0.000000 0 0 0
0.000000 0.000000 0 0 0
0.000000 0.000000 0 0 0
0.000000 0.000000 0 0 0
0.000000 0.000000 0 0 0
0.000000 0.000000 0 0 0
0.000000 0.000000 0 0 0
0.000000 0.000000 0 0 0
0.000000 0.000000 0 0 0
0.000000 0.000000 0 0 0
0.000000 0.000000 0 0 0
0.000000 0.000000 0 0 0
0.000000 0.000000 0 0 0
0.000000 0.000000 0 0 0
0.000000 0.000000 0 0 0
0.000000 0.000000 0 0 0
0.000000 0.000000 0 0 0
0.000000 0.000000 0 0 0
0.000000 0.000000 0 0 0
0.000000 0.000000 0 0 0
0.000000 0.000000 0 0 0
0.000000 0.000000 0 0 0
0.000000 0.000000 0 0 0
0.000000 0.000000 0 0 0
0.000000 0.000000 0 0 0
0.000000 0.000000 0 0 0
0.000000 0.000000 0 0 0
0.000000 0.000000 0 0 0
0.000000 0.000000 0 0 0
0.000000 0.000000 0 0 0
0.000000 0.000000 0 0 0
0.000000 0.000000 0 0 0
0.000000 0.000000 0 0 0
0.000000 0.000000 0 0 0
0.000000 0.000000 0 0 0
0.000000 0.000000 0 0 0
0.000000 0.000000 0 0 0
0.000000 0.000000 0 0 0
0.000000 0.000000 0 0 0
0.000000 0.000000 0 0 0
0.000000 0.000000 0 0 0
0.000000 0.000000 0 0 0
0.000000 0.000000 0 0 0
0.000000 0.000000 0 0 0
0.000000 0.000000 0 0 0
0.000000 0.000000 0 0 0
0.000000 0.000000 0 0 0
0.000000 0.000000 0 0 0
0.000000 0.000000 0 0 0
0.000000 0.000000 0 0 0
0.000000 0.000000 0 0 0
0.000000 0.000000 0 0 0
0.000000 0.000000 0 0 0
3
751 97 1
650 198 3
0 0 0
